  271         500
  1.0000  0.9720  0.9740  ...  0.9640  0.9640  0.9680
  0.9720  1.0000  0.9980  ...  0.9640  0.9640  0.9680
  0.9740  0.9980  1.0000  ...  0.9660  0.9660  0.9700
  .       .       .       .    .       .       .
  0.9640  0.9640  0.9660  ... 1.0000  1.0000  0.9580
  0.9640  0.9640  0.9660  ...  1.0000  1.0000  0.9580
  0.9680  0.9680  0.9700  ...  0.9580  0.9580  1.0000