(GS_A1:0.00108,GA_B6:0.00054,((CN_B2:0.00000,GA_A3:0.00000):0.00054,
GA_B2:0.00054,GA_B5:0.00215):0.00108,(((GA_A2:0.00000,GS_C7:0.00000):0.00054,
GS_C3:0.00054,GA_C4:0.00000):0.02094,((GA_D5:0.00000,GA_D1:0.00000,
CS_C6:0.00000):0.00505,((GS_B5:0.00161,GS_C5:0.00215):0.00259,
((GA_B9:0.00000,GA_B4:0.00000):0.01107,(CS_25:0.20419,(CS_C1:0.01838,
((GA_E4:0.00124,GN_A1:0.00178):0.04754,((GN_B3:0.01529,(((GA_E1:0.00795,
(CS_A1:0.00215,CN_A2:0.00269):0.00318):0.03077,((GN_C3:0.00000,
GN_C4:0.00000):0.00179,(GA_B11:0.00592,((CN_D2:0.00108,(GN_B16:0.00000,
GN_B5:0.00000):0.00161):0.00054,(GS_C4:0.00108,(GA_A5:0.00054,
GN_C5:0.00000,GS_A7:0.00054,(GN_C2:0.00215,GA_B8:0.00161,GA_B12:0.00054):0.00108):0.00108):0.00161):0.00054):0.00179):0.01875):0.00751,
((GS_A9:0.00054,(CN_D1:0.00054,CS_B1:0.00000,CS_C2:0.00054,CS_C4:0.00054,
CS_C5:0.00000,GA_B3:0.00000,GA_B1:0.00000,GA_B7:0.00000):0.00054):0.02652,
(GN_C11:0.00135,(GS_B2:0.00054,(GN_B4:0.00108,(CN_D3:0.00108,
(GS_B4:0.00000,GS_B1:0.00000):0.00269):0.00054,(CN_B1:0.00000,
GA_A1:0.00108,GN_C7:0.00108,GS_A5:0.00054,CN_C2:0.00000):0.00054):0.00054):0.00135):0.00980):0.00707):0.00810):0.01095,
(GS_A4:0.00036,(GN_B21:0.00000,GN_B20:0.00000,CN_D4:0.00054,GS_B10:0.00000,
GN_B19:0.00000,GN_C1:0.00000,GN_C9:0.00000,GN_B1:0.00000,(GN_B14:0.00000,
GN_B18:0.00000,GN_B7:0.00000):0.00054,GN_B8:0.00000,CS_C3:0.00000,
GS_A3:0.00000,CN_A1:0.00054,GN_C10:0.00000,(GN_B12:0.00000,GN_B15:0.00000,
GN_C6:0.00000,GN_B2:0.00108,GN_B9:0.00000,GA_E5:0.00000,GS_A8:0.00054,
GN_C12:0.00000,GN_A5:0.00054):0.00054,GN_A4:0.00000,(GN_C8:0.00000,
(GN_B10:0.00000,GN_B6:0.00000):0.00054,GA_E3:0.00000,GN_A2:0.00054,
GA_C1:0.00000):0.00054):0.00072):0.00977):0.02383):0.03743):0.04511):0.07093):0.00574):0.00215):0.00424):0.00433,
GA_C3:0.00108);
